111111011100110111111110110100001111111110010111111111101100000011111111000001010000000011110100
000000000001011100000001001110000000000011010111111111111100110000000000101100110000000101100110
000000000001010000000000101111100000000001111110000000001100010011111111010000000000000000100001
000000011011100111111100111111111111111010011011111111011110011100000000010110010000000011111010
000000001100100111111111000100001111111001110111111111111110110100000000011001111111111100101101
111111010101111000000001111010001111111001001101000000001111111111111110000000111111111111010001
111111101111000000000001000101011111111010011001000000100011110011111101101010010000000001101010
000000001011001111111111011110000000000001000011000000000001010111111101110101101111111000100110
000000010111001011111101001000111111111010101000111111101101011011111110010000001111111011111111
000000000001110111111110000111010000000100011011000000010001101000000000000111101111111101001001
111111010000101100000001001101011111111101110010000000010101010011111111100011101111111101100011
111111111000110100000010001111101111111011110010000000011100010011111110101011001111111000011000
000001011010110100000001011001001111111100110101000000010000000011111110011010111111111110100100
000001010010011000000011001010011111111100110100111111111001100111111111111101111111111101111011
000000101111111000000010100110101111111101110110000000010101010000000001001111000000000010011011
111111011100011000000000100001101111111010100011111111110110011011111110110001111111111000111100
000000001001011100000011010001001111110110001100111111111001101111111110111110101111110111010001
000000011010000100000011011110011111111000001011111111101100111111111111110101101111110110000100
000000011111001000000011000100000000000011000010111111101110111000000000101111000000000001001111
000000001011101000000000010010011111111111011000111111110001100100000000010100011111111111100111
111111011110101111111101001010001111111111111010111111110111001000000000111101111111111001101000
111111101000100011111110100111010000000000111011111111101111100011111111100010011111110001111011
111111101100111111111110101110001111111101000010111111110111110011111111111011101111110100111000
111111010000000011111010110110111111111101011011111111100011001111111111101110101111111100110000
111111101100010111111100000001110000000011110100111111100011011111111111101011011111111010111001
